デフォ
  maptable = new int[,] { 
        {17,17,17,17,17,17,17,17,17,17,17,17,17,17,17},
        {17,17,17,17,17,17,17,17,17,17,17,17,17,17,17},
        {17,17,17,17,17,17,17,17,17,17,17,17,17,17,17},
        {17,17,17,17,17,17,17,17,17,17,17,17,17,17,17},
        {17,17,17,17,17,17,17,17,17,17,17,17,17,17,17},
        {17,17,17,17,17,17,17,17,17,17,17,17,17,17,17},
        {17,17,17,17,17,17,17,17,17,17,17,17,17,17,17},
        {17,17,17,17,17,17,17,17,17,17,17,17,17,17,17},
        {17,17,17,17,17,17,17,17,17,17,17,17,17,17,17},
        {17,17,17,17,17,17,17,17,17,17,17,17,17,17,17},
        {17,17,17,17,17,17,17,17,17,17,17,17,17,17,17},
        {17,17,17,17,17,17,17,17,17,17,17,17,17,17,17},
        {17,17,17,17,17,17,17,17,17,17,17,17,17,17,17},
        {17,17,17,17,17,17,17,17,17,17,17,17,17,17,17},
        {17,17,17,17,17,17,17,17,17,17,17,17,17,17,17}
        };
    }


ステージ１
             mapa = new int[,] { 
        {99,99,99,99,99,99,99,99,99,99,99,99,99,99,99},
        {52,50,50,50,50,50,50,50,50,50,50,50,99,99,99},
        {99,99,99,99,99,99,99,99,99,99,99,49,99,99,99},
        {99,99,50,99,48,47,46,45,44,43,99,49,99,99,99},
        {99,99,50,49,48,47,46,45,44,43,99,49,99,99,99},
        {99,99,50,49,99,99,99,99,99,99,99,49,99,99,99},
        {99,99,99,48,48,48,48,48,48,48,48,49,99,99,99},
        {99,99,99,47,99,99,99,99,99,99,99,99,99,99,99},
        {99,99,99,47,99,99,99,99,99,25,99,99,99,99,99},
        {99,99,99,47,99,99, 5,99,99,99,43,42,42,42, 0},
        {99,46,46,47,99,99, 5,99,99,99,43,99,99,99,99}, 
        {99,45,99,99,99,99, 5,99,99,99,43,99,99,99,99},
        {99,45,99,99,99,99,99,99,99,99,43,99,99,99,99},
        {99,45,44,44,44,44,44,44,44,44,44,99,99,99,99},
        {99,99,99,99,99,99,99,99,99,99,99,99,99,99,99}
        };
        maptable = new int[,] { 
        {17,17,17,17,17,17,17,17,17,17,17,17,17,16,16},
        {10,10,10,10,10,10,10,10,10,10,10,10,16,16,12},
        {16,16,16,16,16,16,16,16,16,16,16,10,16,16,16},
        {17,17,34,35,17,17,17,17,17,17,17,10,17,17,17},
        {17,17,17,17,17,18,17,17,17,17,17,10,17,17,17},
        {17,17,17,17,17,72,73,17,17,17,17,10,17,17,17},
        {17,17,17,17,10,10,10,10,10,10,10,10,17,17,17},
        {17,17,17,17,10,17,17,17,17,17,17,17,17,17,17},
        {16,16,16,16,10,16,16,16,16,16,16,17,17,17,17},
        {17,17,17,17,10,17,17,17,17,17,17,17,17,17,17},
        {17,17,10,10,10,17,17,17,17,17,10,10,10,10,10},
        {17,17,10,17,17,17,17,17,17,17,10,17,17,17,17},
        {17,17,10,17,17,17,17,17,17,17,10,17,17,17,17},
        {17,17,10,10,10,10,10,10,10,10,10,17,17,17,17},
        {17,17,17,17,17,17,17,17,17,17,17,17,17,17,17}
        };
    }
  for (int i = 0; i < BLASTSU; i++)
        {
            gname[i] = 0;
            pos[i].X = 0;
            pos[i].Y = 40;
            x1[i] = 1;
            y1[i] = 0;
            swh[i] = 0;
            mapNo[i] = -1;
            hp[i] = 500;
            lv[i] = 99;
        }
ステージ２
        mapa = new int[,] { 
        {99,50,99,99,99,99,99,99,99,99,99,99,99,99,99},
        {99,50,99,99,99,99,99,99,99,99,99,99,99,99,99},
        {99,50,49,49,49,49,49,49,49 49,49,49,99,99,99},
        {99,99,99,99,99,99,99,99,99,99,99,48,99,99,99},
        {99,99,99,99,99,99,99,99,99,99,99,99,99,99,99},
        {99,99,45,45,45,45,44,45,99,99,99,48,99,99,99},
        {99,99,44,99,99,99,99,46,99,99,99,48,99,99,99},
        {99,99,44,99,99,99,99,47,47,47,47,48,99,99,99},
        {99,99,44,99,99,99,99,99,99,99,99,99,99,99,99},
        {99,99,44,99,99,99,99,99,99,99,99,99,99,99,99},
        {99,99,44,99,99,42,41,41,99,99,99,99,99,99,99}, 
        {99,99,44,99,99,42,99,40,99,99,99,99,99,99,99},
        {99,99,44,43,43,43,99,40,39,39,39,39,39,39, 0},
        {99,99,99,99,99,99,99,99,99,99,99,99,99,99,99},
        {99,99,99,99,99,99,99,99,99,99,99,99,99,99,99},
        };
        maptable = new int[,] { 
        {17,10,17,17,17,17,17,17,17,17,17,17,17,17,17},
        {17,10,16,16,16,16,16,16,16,16,16,17,16,17,12},
        {17,10,10,10,10,10,10,10,10,10,10,10,16,17,17},
        {17,16,16,16,16,16,16,16,16,16,16,10,16,17,17},
        {17,17,17,17,17,17,17,17,17,17,16,10,16,17,17},
        {17,17,10,10,10,10,10,10,10,17,16,10,16,17,17},
        {17,17,10,17,16,16,16,16,10,16,16,10,16,17,17},
        {17,17,10,17,17,17,17,17,10,10,10,10,17,17,17},
        {16,16,10,16,17,16,16,17,17,17,17,17,17,16,17},
        {17,17,10,17,17,10,10,10,17,17,17,17,17,17,17},
        {17,17,10,17,17,10,17,10,17,17,17,17,17,17,17},
        {17,17,10,17,17,10,17,10,17,17,17,17,17,17,17},
        {17,17,10,10,10,10,17,10,10,10,10,10,10,10,10},
        {17,17,17,17,17,17,17,17,17,17,17,17,17,17,17},
        {17,17,17,17,17,17,17,17,17,17,17,17,17,17,17}
        };
    }
 for (int i = 0; i < BLASTSU; i++)
        {
            gname[i] = 0;
            pos[i].X = 40;
            pos[i].Y = 40;
            x1[i] = 0;
            y1[i] = 1;
            swh[i] = 0;
            mapNo[i] = -1;
            hp[i] = 500;
            lv[i] = 99;
        }
ステージ３
   mapa = new int[,] { 
        {99,99,99,99,99,99,99,99,99,99,99,99,99,99,99},
        {51,50,50,50,50,50,50,50,99,99,99,99,99,99,99},
        {99,99,99,99,99,99,99,49,99,47,46,46,46,46,99},
        {99,99,99,99,99,99,99,49,99,47,99,99,99,45,99},
        {99,99,99,99,99,99,99,49,99,47,99,99,99,45,99},
        {99,99,99,99,99,99,99,49,99,47,99,99,99,45,99},
        {99,99,99,99,99,99,99,49,48,48,99,99,99,45,99},
        {99,99,99,99,99,99,99,99,99,99,99,99,99,45,99},
        {99,99,99,99,99,99,99,99,99,44,44,44,44,45,99},
        {99,99,99,99,99,99,99,99,99,43,99,99,99,99,99},
        {99,99,99,99,99,99,99,99,99,43,99,99,99,99,99}, 
        {99,99,99,99,99,99,99,99,99,43,99,99,99,99,99},
        {99,99,99,42,42,42,42,42,42,43,99,99,99,99,99},
        {99,99,99,41,99,99,99,99,99,99,99,99,99,99,99},
        {99,99,99, 0,99,99,99,99,99,99,99,99,99,99,99}
        };
        maptable = new int[,] { 
        {17,17,17,17,17,17,17,17,17,17,17,17,17,17,17},
        {53,53,53,53,53,53,53,53,17,17,17,17,17,17,17},
        {16,16,16,16,16,16,16,53,17,17,17,17,17,17,17},
        {17,17,34,35,17,17,17,53,17,53,53,53,53,53,17},
        {17,17,17,17,17,18,17,53,17,53,17,17,17,53,17},
        {17,17,17,17,17,72,73,53,17,53,17,17,17,53,17},
        {17,17,17,17,17,17,17,53,53,53,17,17,17,53,17},
        {17,17,17,17,17,17,17,17,17,17,17,17,17,53,17},
        {17,17,17,17,17,17,17,17,17,17,53,53,53,53,17},
        {17,17,17,17,17,17,17,17,17,17,53,17,17,17,17},
        {17,17,10,10,10,17,17,17,17,17,53,10,10,10,10},
        {17,17,10,17,17,17,17,17,17,17,53,17,17,17,17},
        {17,17,10,17,53,53,53,53,53,53,53,17,17,17,17},
        {17,17,10,17,53,10,10,10,10,10,10,17,17,17,17},
        {17,17,17,17,53,17,17,17,17,17,17,17,17,17,17}
        };
    }

ステージ　４
  mapa = new int[,] { 
        {99,99,99,99,99,99,99,90,99,99,99,99,99,99,99},
        {99,99,99,99,99,99,99,90,99,99,99,99,99,99,99},
        {99,99,80,80,80,80,80,90,99,99,99,99,99,99,99},
        {99,99,70,99,99,99,99,99,99,99,99,99,99,99,99},
        {99,99,70,60,60,60,60,60,60,99,99,99,99,99,99},
        {99,99,99,99,99,99,99,99,50,99,99,99,99,99,99},
        {99,99,99,99,99,99,99,99,50,99,99,99,99,99,99},
        {99,99,99,99,99,99,99,99,50,40,40,40,40,40,99},
        {99,99,99,99,99,99,99,99,99,99,99,99,99,30,99},
        {99,99,99,99,99,99,99,20,20,20,20,20,20,30,99},
        {99,99,99,99,99,99,99,19,99,99,99,99,99,99,99}, 
        {99,99,18,18,18,18,18,19,99,99,99,99,99,99,99},
        {99,99,17,99,99,99,99,99,99,99,99,99,99,99,99},
        {99,99,17,99,99,99,99,99,99,99,99,99,99,99,99},
        {99,99, 0,10,99,99,99,99,99,99,99,99,99,99,99}
        };
        maptable = new int[,] { 
        {17,17,17,17,17,17,17,53,17,17,17,17,17,17,17},
        {17,17,17,17,17,17,17,53,17,17,17,17,17,17,17},
        {16,16,53,53,53,53,53,53,17,17,17,17,17,17,17},
        {17,17,53,17,17,17,17,17,17,17,17,17,17,17,17},
        {17,17,53,53,53,53,53,53,53,17,17,17,17,17,17},
        {17,17,17,17,17,72,73,17,53,17,17,17,17,17,17},
        {17,17,17,17,17,17,17,17,53,17,17,17,17,17,17},
        {17,17,17,17,17,17,17,17,53,53,53,53,53,53,17},
        {17,17,17,17,17,17,17,17,17,17,17,17,17,53,17},
        {17,17,17,17,17,17,17,53,53,53,53,53,53,53,17},
        {17,17,10,10,10,17,17,53,17,17,17,10,10,10,10},
        {17,17,53,53,53,53,53,53,17,17,17,17,17,17,17},
        {17,17,53,17,17,17,17,17,17,17,17,17,17,17,17},
        {17,17,53,17,17,10,10,10,10,10,10,17,17,17,17},
        {17,17,53,17,17,17,17,17,17,17,17,17,17,17,17}
        };
    }
 for (int i = 0; i < BLASTSU; i++)
        {
            gname[i] = 0;
            pos[i].X = 240;
            pos[i].Y = 40;
            x1[i] = 0;
            y1[i] = 0;
            swh[i] = 0;
            mapNo[i] = -1;
            hp[i] = 500;
            lv[i] = 99;
        }

ステージ５
  mapa = new int[,] { 
        {99,99,99,99,99,99,99,99,99,99,99,99,99,99,99},
        {90,90,90,90,90,90,90,90,99,99,99,99,99,99,99},
        {99,99,99,99,99,99,99,80,99,99,99,99,99,99,99},
        {99,99,99,99,99,99,99,80,99,99,99,99,99,99,99},
        {99,70,70,70,70,70,70,80,99,99,99,99,99,99,99},
        {99,60,99,99,99,99,99,99,99,99,18,17,17,17, 0},
        {99,60,99,99,99,99,99,99,99,99,18,99,99,99,99},
        {99,60,50,50,50,50,99,99,99,99,18,99,99,99,99},
        {99,10,99,99,99,40,99,99,99,99,18,99,99,99,99},
        {99,30,30,30,30,40,99,99,99,99,18,99,99,99,99},
        {99,20,99,99,99,99,99,99,99,99,18,99,99,99,99}, 
        {99,20,99,99,99,99,99,99,99,99,18,99,99,99,99},
        {99,20,99,99,99,99,99,99,99,99,18,99,99,99,99},
        {99,20,19,19,19,19,19,19,19,19,19,99,99,99,99},
        {99,99,99,99,99,99,99,99,99,99,99,99,99,99,99}
        };
        maptable = new int[,] { 
        {17,17,17,17,17,17,17,17,17,17,17,17,17,17,17},
        {53,53,53,53,53,53,53,53,17,17,17,17,17,17,17},
        {16,16,17,17,17,17,17,53,17,17,17,17,17,17,17},
        {17,17,17,17,17,17,17,53,17,17,17,17,17,17,17},
        {17,53,53,53,53,53,53,53,17,17,17,17,17,17,17},
        {17,53,17,17,17,72,73,17,17,17,53,53,53,53,53},
        {17,53,17,17,17,17,17,17,17,17,53,17,17,17,17},
        {17,53,53,53,53,53,17,17,17,17,53,17,17,17,17},
        {17,17,17,17,17,53,17,17,17,17,53,17,17,17,17},
        {17,53,53,53,53,53,17,17,17,17,53,17,17,17,17},
        {17,53,10,10,10,17,17,17,17,17,53,10,10,10,10},
        {17,53,17,17,17,17,17,17,17,17,53,17,17,17,17},
        {17,53,17,17,17,17,17,17,17,17,53,17,17,17,17},
        {17,53,53,53,53,53,53,53,53,53,53,17,17,17,17},
        {17,17,17,17,17,17,17,17,17,17,17,17,17,17,17}
        };
    }
 for (int i = 0; i < BLASTSU; i++)
        {
            gname[i] = 0;
            pos[i].X = 0;
            pos[i].Y = 40;
            x1[i] = 0;
            y1[i] = 0;
            swh[i] = 0;
            mapNo[i] = -1;
            hp[i] = 500;
            lv[i] = 99;
        }

ステージ６
         mapa = new int[,] { 
        {99,99,99,90,99,99,99,99,99,99,99,99,99, 0,99},
        {99,99,99,90,99,99,99,99,99,99,99,99,99,15,99},
        {99,99,99,90,99,99,99,99,99,99,99,99,99,15,99},
        {99,80,80,90,99,99,99,99,99,99,99,99,99,15,99},
        {99,70,99,99,99,99,99,99,99,99,99,99,99,15,99},
        {99,70,99,99,99,99,99,99,17,16,16,16,16,16,99},
        {99,70,99,99,99,99,99,99,17,99,99,99,99,99,99},
        {99,70,60,60,60,60,60,99,17,99,99,99,99,99,99},
        {99,99,99,99,99,99,50,99,17,99,99,99,99,99,99},
        {99,99,99,99,99,99,50,99,18,18,18,18,19,99,99},
        {99,99,40,40,40,40,50,99,99,99,99,99,19,99,99}, 
        {99,99,30,99,99,99,99,99,99,99,99,99,19,99,99},
        {99,99,30,99,99,99,99,99,99,99,99,99,19,99,99},
        {99,99,30,20,20,20,20,20,20,20,20,20,20,99,99},
        {99,99,99,99,99,99,99,99,99,99,99,99,99,99,99}
        };
        maptable = new int[,] { 
        {17,17,17,53,17,17,17,17,17,17,17,17,17,53,17},
        {17,17,17,53,17,17,17,17,17,17,17,17,17,53,17},
        {17,17,17,53,17,17,17,17,17,17,17,17,17,53,17},
        {17,53,53,53,17,17,17,17,17,17,17,17,17,53,17},
        {17,53,17,17,17,17,17,17,17,17,17,17,17,53,17},
        {17,53,17,17,17,17,17,17,53,53,53,53,53,53,17},
        {17,53,17,17,17,17,17,17,53,17,17,17,17,17,17},
        {17,53,53,53,53,53,53,17,53,17,17,17,17,17,17},
        {17,17,17,17,17,17,53,17,53,17,17,17,17,17,17},
        {17,17,17,17,17,17,53,17,53,53,53,53,53,17,17},
        {17,17,53,53,53,53,53,17,17,17,17,17,53,17,17},
        {17,17,53,17,17,17,17,17,17,17,17,17,53,17,17},
        {17,17,53,17,17,17,17,17,17,17,17,17,53,17,17},
        {17,17,53,53,53,53,53,53,53,53,53,53,53,17,17},
        {17,17,17,17,17,17,17,17,17,17,17,17,17,17,17}
        };
    }

ステージ７

      mapa = new int[,] { 
        {99,99,99,99,99,99,99,99,99,99,99,99, 0,99,99},
        {99,99,99,99,99,99,99,99,99,99,99,99,16,99,99},
        {90,90,90,90,90,90,90,90,90,90,99,99,16,99,99},
        {99,99,99,99,99,99,99,99,99,80,99,99,16,99,99},
        {99,70,70,70,70,70,70,70,70,80,99,99,16,99,99},
        {99,60,99,99,99,99,99,99,99,99,99,99,16,99,99},
        {99,60,99,99,18,17,17,17,17,17,17,17,17,99,99},
        {99,60,99,99,18,99,99,99,99,99,99,99,99,99,99},
        {99,60,99,99,18,99,99,99,99,99,99,99,99,99,99},
        {99,60,99,99,19,19,19,19,19,19,19,19,19,20,99},
        {99,60,99,99,99,99,99,99,99,99,99,99,99,20,99},
        {99,60,50,50,50,50,50,50,50,99,99,99,99,20,99}, 
        {99,99,99,99,99,99,99,99,40,99,99,99,99,20,99},
        {99,99,99,99,99,99,99,99,40,30,30,30,30,30,99},
        {99,99,99,99,99,99,99,99,99,99,99,99,99,99,99}
        };
        maptable = new int[,] { 
        {17,17,17,17,17,17,17,17,17,17,17,17,53,17,17},
        {17,17,17,17,17,17,17,17,17,17,17,17,53,17,17},
        {53,53,53,53,53,53,53,53,53,53,17,17,53,17,17},
        {17,17,17,17,17,17,17,17,17,53,17,17,53,17,17},
        {17,17,53,53,53,53,53,53,53,53,17,17,53,17,17},
        {17,17,53,17,17,17,17,17,17,17,17,17,53,17,17},
        {17,17,53,17,53,53,53,53,53,53,53,53,53,17,17},
        {17,17,53,17,53,17,17,17,17,17,17,17,17,17,17},
        {17,17,53,17,53,17,17,17,17,17,17,17,17,17,17},
        {17,17,53,17,53,53,53,53,53,53,53,53,53,53,17},
        {17,17,53,17,17,17,17,17,17,17,17,17,17,53,17},
        {17,17,53,53,53,53,53,53,53,17,17,17,17,53,17},
        {17,17,17,17,17,17,17,17,53,17,17,17,17,53,17},
        {17,17,17,17,17,17,17,17,53,53,53,53,53,53,17},
        {17,17,17,17,17,17,17,17,17,17,17,17,17,17,17}
        };
ステージ８

mapa = new int[,] { 
        {98,98,98,98,98,98,98,98,99,99,99,99,99,98,98},
        {98,99,99,99,99,99,99,99,45,44,44,44,44,99,98},
        {51,50,49,48,99,99,99,99,45,99,99,99,43,99,98},
        {98,99,99,47,99,99,99,99,45,99,99,99,43,99,98},
        {98,98,98,47,46,46,46,46,46,99,98,98,43,99,98},
        {98,98,98,98,98,98,98,98,98,98,98,98,43,99,98},
        {98,99,23,23,23,23,23,23,23,24,99,99,43,99,98},
        {98,99,17,99,99,99,99,99,99,24,99,99,43,99,98},
        {98,99,16,99,99,99,99,99,99,25,99,99,43,99,98},
        {98,99,15,99,98,98,98,98,98,26,99,99,43,99,98},
        {98,99,14,99,99,99,99,99,99,27,28,29,30,99,98}, 
        {98,99,13,99,99,99, 5,99,99,99,99,99,99,99,98},
        {98,99,12,11,10, 9, 8, 7, 6, 5, 4, 3, 2,99,98},
        {98,99,99,99,99,99,99,99,99,99,99,99, 1,99,98},
        {98,98,98,98,98,98,98,98,98,98,98,98, 0,98,98}
        };
        maptable = new int[,] { 
        {49,49,49,49,49,49,49,49,49,49,49,49,49,49,49},
        {17,17,17,17,17,17,17,17,17,17,17,17,17,17,49},
        { 7, 7, 7, 7,17,17,17,17, 7, 7, 7, 7, 7,17,49},
        {17,17,17, 7,17,17,17,17, 7,17,17,17, 7,17,49},
        {17,17,17, 7, 7, 7, 7, 7, 7,17,17,17, 7,17,49},
        {49,49,49,49,49,49,49,49,49,49,49,17, 7,17,49},
        {49,49,49,49,49,49,49,49,49,49,49,17, 7,17,49},
        {49,49,17, 7, 7, 7, 7, 7, 7, 7, 7,17, 7,17,49},
        {49,49,17, 7,17,17,17,17,17,17, 7,17, 7,17,49},
        {49,49,17, 7,17,17,17,17,17,17, 7,17, 7,17,49},
        {49,49,17, 7,17,49,49,49,49,17, 7, 7, 7,17,49}, 
        {49,49,17, 7,17,17,17,17,17,17,17,17,17,17,49},
        {49,49,17, 7, 7, 7, 7, 7, 7, 7, 7, 7, 7,17,49},
        {49,49,17,17,17,17,17,17,17,17,17,17, 7,17,49},
        {49,49,49,49,49,49,49,49,49,49,49,49, 7,49,49}
        };
    }



mapa = new int[,] { 
        {98,98,98,98,98,98,98,98,98,98,98,98,98,98,98},
        {98,99,99,99,99,99,99,99,99,99,99,99,99,99,98},
        {51,50,49,48,47,46,45,43,42,41,40,39,38,99,98},
        {98,99,99,99,99,99,99,99,99,99,99,99,37,99,98},
        {98,98,98,98,98,98,98,98,98,98,98,98,36,99,98},
        {98,98,98,98,98,98,98,98,98,98,98,98,35,99,98},
        {98,99,99,99,99,99,99,99,99,99,99,99,34,99,98},
        {98,99,17,18,19,20,21,22,23,24,99,99,33,99,98},
        {98,99,16,99,99,99,99,99,99,25,99,99,32,99,98},
        {98,99,15,99,98,98,98,98,98,26,99,99,31,99,98},
        {98,99,14,99,99,99,99,99,99,27,28,29,30,99,98}, 
        {98,99,13,99,99,99, 5,99,99,99,99,99,99,99,98},
        {98,99,12,11,10, 9, 8, 7, 6, 5, 4, 3, 2,99,98},
        {98,99,99,99,99,99,99,99,99,99,99,99, 1,99,98},
        {98,98,98,98,98,98,98,98,98,98,98,98, 0,98,98}
        };
        maptable = new int[,] { 
        {49,49,49,49,49,49,49,49,49,49,49,49,49,49,49},
        {17,17,17,17,17,17,17,17,17,17,17,17,17,17,49},
        { 7, 7, 7, 7, 7, 7, 7, 7, 7, 7, 7, 7, 7,17,49},
        {17,17,17,17,17,17,17,17,17,17,17,17, 7,17,49},
        {17,17,17,17,17,17,17,17,17,17,17,17, 7,17,49},
        {49,49,49,49,49,49,49,49,49,49,49,17, 7,17,49},
        {49,49,49,49,49,49,49,49,49,49,49,17, 7,17,49},
        {49,49,17,17,17,17,17,17,17,17,17,17, 7,17,49},
        {49,49,17, 7, 7, 7, 7, 7, 7, 7, 7,17, 7,17,49},
        {49,49,17, 7,17,17,17,17,17,17, 7,17, 7,17,49},
        {49,49,17, 7,17,49,49,49,49,17, 7, 7, 7,17,49}, 
        {49,49,17, 7,17,17,17,17,17,17,17,17,17,17,49},
        {49,49,17, 7, 7, 7, 7, 7, 7, 7, 7, 7, 7,17,49},
        {49,49,17,17,17,17,17,17,17,17,17,17, 7,17,49},
        {49,49,49,49,49,49,49,49,49,49,49,49, 7,49,49}
        };

